201, 8824, 129, 1
  98, 13532, 122, 0
  188, 11600, 154, 0
  273, 8675, 100, 1
  116, 16462, 105, 0
  67, 12907, 160, 0
  186, 4005, 151, 1
  216, 15751, 96, 0
  133, 17070, 118, 0
  113, 9311, 146, 0
  120, 14321, 186, 0
  68, 16775, 146, 0
  68, 13299, 140, 0
  275, 12383, 165, 1
  136, 7533, 168, 0
  233, 12246, 158, 1
  185, 15024, 176, 0
  199, 8073, 105, 0
  128, 13691, 110, 0
  108, 8208, 184, 0
  136, 11179, 118, 0
  153, 3680, 96, 1
  283, 12777, 104, 1
  254, 13380, 179, 1
  82, 13536, 164, 0
  145, 3896, 97, 1
  171, 5776, 97, 1
  274, 8549, 155, 1
  251, 17506, 129, 1
  197, 4758, 130, 1
  228, 11901, 193, 1
  120, 15222, 184, 0
  122, 9743, 151, 0
  237, 9898, 110, 1
  118, 17587, 165, 0
  266, 12452, 115, 1
  179, 2809, 124, 1
  257, 16459, 155, 1
  281, 6958, 119, 1
  277, 10640, 128, 1
  123, 8612, 170, 0
  182, 14601, 148, 0
  114, 17212, 170, 0
  79, 14035, 152, 0
  176, 3548, 195, 1
  213, 14654, 175, 1
  251, 3547, 142, 1
  188, 5823, 167, 1
  77, 2890, 175, 1
  188, 12638, 154, 0
  247, 6201, 186, 1
  124, 3029, 104, 1
  165, 4322, 136, 1
  169, 3800, 184, 1
  272, 15770, 134, 1
  72, 8646, 157, 0
  278, 7633, 194, 1
  134, 4018, 114, 1
  138, 10193, 104, 0
  266, 5937, 139, 1
  135, 14008, 102, 0
  88, 2976, 142, 1
  260, 3858, 196, 1
  265, 15157, 119, 1
  290, 3725, 95, 1
  159, 17053, 168, 0
  76, 10177, 116, 0
  264, 2922, 143, 1
  130, 16760, 126, 0
  192, 2854, 123, 1
  105, 12541, 181, 0
  138, 5772, 150, 1
  166, 12095, 172, 0
  165, 14706, 146, 0
  180, 10128, 188, 0
  187, 5364, 152, 1
  269, 8930, 165, 1
  243, 7360, 102, 1
  222, 11655, 148, 1
  209, 9116, 102, 1
  92, 6651, 193, 1
  280, 15255, 128, 1
  137, 10210, 124, 0
  179, 16961, 194, 0
  104, 14246, 167, 0
  207, 16521, 125, 1
  264, 8040, 187, 1
  234, 14166, 177, 1
  78, 16412, 189, 0
  128, 13924, 163, 0
  188, 8844, 136, 0
  111, 15382, 161, 0
  265, 3635, 114, 1
  165, 14823, 138, 0
  119, 8682, 134, 0
  157, 9908, 117, 0
  75, 12421, 163, 0
  132, 15811, 99, 0
  91, 6754, 138, 1
  85, 8124, 111, 0
  245, 16984, 188, 1
  112, 7120, 148, 0
  194, 10923, 126, 0
  170, 6322, 157, 1
  205, 2860, 196, 1
  232, 7477, 163, 1
  189, 10305, 190, 0
  257, 10881, 171, 1
  274, 3819, 142, 1
  149, 5606, 161, 1
  256, 9803, 138, 1
  273, 14299, 130, 1
  200, 9830, 176, 0
  270, 9482, 107, 1
  254, 13987, 174, 1
  84, 15767, 101, 0
  178, 3946, 110, 1
  84, 10365, 143, 0
  234, 15451, 107, 1
  260, 15508, 144, 1
  196, 8362, 106, 0
  81, 10634, 116, 0
  65, 9830, 149, 0
  120, 14169, 158, 0
  167, 17062, 194, 0
  155, 4237, 121, 1
  258, 11064, 162, 1
  253, 4110, 138, 1
  77, 4961, 123, 1
  72, 8655, 116, 0
  139, 5464, 112, 1
  84, 12488, 186, 0
  237, 7321, 171, 1
  159, 10319, 128, 0
  246, 9079, 167, 1
  102, 3735, 181, 1
  282, 12531, 119, 1
  250, 3859, 172, 1
  285, 15532, 115, 1
  100, 3441, 137, 1
  122, 7267, 152, 0
  146, 15273, 123, 0
  249, 3408, 102, 1
  81, 5449, 158, 1
  208, 14867, 139, 1
  192, 16087, 140, 0
  152, 4626, 146, 1
  92, 3125, 143, 1
  249, 10866, 110, 1
  246, 8585, 142, 1
  142, 4919, 99, 1
  238, 7469, 177, 1
  231, 2822, 99, 1
  273, 14782, 119, 1
  240, 14976, 178, 1
  159, 15397, 174, 0
  262, 8904, 172, 1
  212, 7772, 155, 1
  193, 5079, 118, 1
  183, 14544, 138, 0
  280, 10353, 143, 1
  260, 15089, 124, 1
  111, 12852, 174, 0
  204, 14109, 143, 1
  99, 16653, 101, 0
  190, 6731, 134, 1
  223, 12293, 179, 1
  121, 14231, 159, 0
  194, 12316, 153, 0
  83, 10323, 186, 0
  165, 4114, 167, 1
  106, 17407, 180, 0
  108, 17482, 117, 0
  73, 15866, 109, 0
  252, 15572, 135, 1
  183, 6811, 157, 1
  283, 6382, 105, 1
  196, 14644, 131, 0
  152, 5933, 196, 1
  181, 16882, 139, 0
  262, 10558, 129, 1
  121, 7466, 158, 0
  195, 12456, 117, 0
  218, 6650, 103, 1
  181, 9476, 133, 0
  237, 5713, 173, 1
  187, 12181, 122, 0
  114, 11517, 193, 0
  228, 11466, 146, 1
  266, 3509, 145, 1
  83, 4889, 131, 1
  134, 9566, 108, 0
  207, 5211, 147, 1
  73, 16701, 108, 0
  188, 14564, 168, 0
  245, 3724, 94, 1
  182, 4499, 99, 1
  218, 10320, 141, 1
  127, 15999, 189, 0
  125, 11478, 145, 0
  113, 5832, 128, 1
  121, 13204, 152, 0
  167, 3456, 191, 1
  66, 3143, 171, 1
  138, 6201, 143, 1
  151, 12601, 172, 0
  81, 6879, 163, 1
  66, 8354, 188, 0
  115, 13442, 135, 0
  94, 14729, 99, 0
  90, 3193, 141, 1
  107, 6908, 169, 1
  220, 2728, 123, 1
  109, 11876, 124, 0
  288, 13832, 130, 1
  252, 12216, 107, 1
  89, 6945, 153, 1
  134, 17560, 139, 0
  168, 4787, 127, 1
  240, 8364, 136, 1
  261, 6676, 187, 1
  245, 4904, 124, 1
  259, 11161, 176, 1
  183, 11737, 94, 0
  114, 4083, 148, 1
  166, 16861, 173, 0
  287, 9379, 169, 1
  254, 10127, 191, 1
  77, 13095, 96, 0
  89, 15126, 173, 0
  115, 6713, 102, 1
  126, 7597, 136, 0
  271, 11353, 118, 1
  236, 13249, 97, 0
  152, 11654, 119, 0
  277, 6112, 130, 1
  195, 16808, 182, 0
  250, 9364, 109, 1
  257, 11091, 165, 1
  114, 8429, 101, 0
  238, 6456, 112, 1
  287, 15192, 104, 1
  78, 11165, 177, 0
  199, 3168, 144, 1
  190, 12291, 190, 0
  117, 6754, 110, 1
  221, 16704, 187, 1
  159, 11158, 138, 0
  218, 15551, 164, 1
  245, 6027, 162, 1
  193, 8598, 196, 0
  107, 11555, 195, 0
  130, 14485, 146, 0
  261, 13544, 172, 1
  231, 6117, 150, 1
  261, 4197, 128, 1
  139, 7759, 185, 0
  113, 8320, 154, 0
  252, 15818, 144, 1
  220, 6129, 109, 1
  139, 12680, 138, 0
  173, 13155, 186, 0
  270, 7998, 132, 1
  185, 12549, 126, 0
  273, 9812, 185, 1
  193, 9685, 184, 0
  69, 14394, 132, 0
  279, 16390, 115, 1
  139, 3897, 125, 1
  218, 10640, 128, 1
  239, 15953, 107, 1
  113, 15564, 194, 0
  67, 13252, 96, 0
  92, 15146, 160, 0
  141, 12931, 125, 0
  162, 9706, 104, 0
  163, 17483, 180, 0
  125, 14400, 128, 0
  138, 10807, 127, 0
  94, 15804, 123, 0
  133, 9999, 169, 0
  229, 7519, 152, 1
  218, 5385, 160, 1
  293, 14404, 105, 1
  243, 14267, 129, 1
  90, 6127, 119, 1
  268, 10496, 182, 1
  262, 4579, 167, 1
  183, 6237, 196, 1
  178, 13508, 149, 0
  171, 11900, 120, 0
  110, 13432, 112, 0
  285, 8135, 94, 0
  105, 14285, 142, 0
  121, 16394, 94, 0
  236, 13559, 164, 1
  80, 17380, 139, 0
  248, 8057, 96, 0
  197, 11310, 190, 0
  251, 3358, 100, 1
  184, 2979, 103, 1
  187, 6648, 177, 1
  190, 15424, 116, 0
  265, 5036, 135, 1
  271, 16547, 154, 1
  149, 5484, 168, 1
  113, 5501, 181, 1
  95, 11257, 184, 0
  86, 13780, 138, 0
  187, 15883, 179, 0
  99, 17572, 99, 0
  246, 2749, 148, 1
  120, 16199, 136, 0
  163, 4626, 134, 1
  72, 12002, 111, 0
  198, 14178, 164, 0
  240, 5488, 183, 1
  179, 5717, 153, 1
  266, 15583, 121, 1
  102, 4333, 154, 1
  244, 2758, 190, 1
  90, 11209, 182, 0
  221, 14454, 182, 1
  258, 14113, 157, 1
  135, 17654, 179, 0
  158, 12093, 132, 0
  109, 7155, 107, 0
  265, 4091, 139, 1
  125, 6869, 132, 1
  289, 5062, 132, 1
  164, 10033, 100, 0
  172, 10215, 162, 0
  180, 10465, 142, 0
  132, 14649, 97, 0
  172, 4838, 127, 1
  243, 4542, 184, 1
  163, 16373, 122, 0
  105, 7916, 179, 0
  163, 3317, 105, 1
  129, 12028, 117, 0
  128, 6639, 161, 1
  196, 7906, 173, 0
  292, 13938, 158, 1
  158, 16340, 194, 0
  91, 12349, 152, 0
  252, 3324, 155, 1
  247, 12277, 175, 1
  240, 7012, 160, 1
  80, 9689, 150, 0
  190, 9058, 109, 0
  236, 14098, 101, 1
  100, 12215, 181, 0
  266, 14324, 140, 1
  266, 10954, 115, 1
  195, 3447, 164, 1
  158, 16471, 108, 0
  214, 7479, 178, 1
  279, 4719, 195, 1
  218, 13218, 148, 1
  288, 4267, 151, 1
  82, 5893, 183, 1
  148, 12649, 179, 0
  258, 8870, 135, 1
  226, 7469, 164, 1
  145, 3197, 126, 1
  210, 11472, 156, 1
  140, 7139, 189, 0
  144, 9441, 147, 0
  122, 5912, 190, 1
  230, 16497, 144, 1
  268, 9613, 162, 1
  227, 11052, 182, 1
  87, 13432, 139, 0
  274, 16694, 176, 1
  65, 9833, 173, 0
  103, 12362, 144, 0
  234, 2833, 184, 1
  119, 14969, 135, 0
  287, 9411, 185, 1
  82, 9533, 115, 0
  132, 14109, 117, 0
  281, 6488, 167, 1
  156, 6216, 176, 1
  133, 12650, 185, 0
  199, 7580, 165, 0
  232, 16995, 109, 1
  283, 8516, 150, 1
  191, 14029, 108, 0
  117, 7595, 162, 0
  143, 6074, 170, 1
  80, 8878, 152, 0
  286, 5322, 122, 1
  68, 16773, 195, 0
  96, 4286, 118, 1
  270, 6229, 95, 1
  150, 9560, 127, 0
  129, 6037, 159, 1
  251, 15646, 122, 1
  155, 17543, 176, 0
  253, 7978, 179, 1
  107, 5067, 128, 1
  194, 14986, 102, 0
  223, 16642, 173, 1
  234, 9024, 154, 1
  132, 11508, 159, 0
  221, 7610, 176, 1
  195, 11366, 148, 0
  111, 15173, 171, 0
  202, 6169, 94, 1
  119, 8816, 185, 0
  177, 14118, 159, 0
  175, 14469, 195, 0
  276, 14050, 96, 0
  101, 16444, 114, 0
  223, 10640, 156, 1
  197, 9654, 156, 0
  165, 12590, 178, 0
  128, 14440, 110, 0
  118, 9822, 183, 0
  286, 15159, 129, 1
  200, 17463, 100, 0
  227, 14570, 155, 1
  97, 6262, 138, 1
  216, 13433, 140, 1
  217, 7983, 157, 1
  74, 6740, 153, 1
  143, 16020, 183, 0
  289, 6090, 162, 1
  229, 8310, 134, 1
  123, 4534, 107, 1
  282, 13629, 175, 1
  242, 3793, 136, 1
  124, 17294, 160, 0
  233, 13206, 180, 1
  243, 3727, 96, 1
  237, 6224, 132, 1
  209, 11620, 118, 1
  225, 3845, 111, 1
  164, 7193, 132, 0
  208, 4727, 95, 1
  262, 16386, 150, 1
  119, 4107, 171, 1
  125, 12903, 187, 0
  153, 7327, 189, 0
  283, 15948, 172, 1
  98, 11639, 101, 0
  229, 12731, 172, 1
  66, 12046, 125, 0
  188, 3594, 134, 1
  66, 10951, 180, 0
  131, 7018, 167, 0
  150, 16444, 165, 0
  205, 13028, 193, 1
  127, 11491, 130, 0
  207, 8590, 116, 1
  139, 7069, 194, 0
  238, 5530, 146, 1
  176, 17001, 106, 0
  109, 16611, 136, 0
  86, 15761, 101, 0
  244, 16244, 102, 1
  249, 5923, 109, 1
  223, 13868, 128, 1
  234, 13692, 187, 1
  66, 5661, 173, 1
  88, 6570, 180, 1
  176, 15722, 104, 0
  250, 13572, 103, 1
  92, 13974, 96, 0
  135, 11075, 166, 0
  145, 6723, 113, 1
  82, 13833, 119, 0
  84, 12300, 116, 0
  222, 2979, 94, 1
  78, 4404, 173, 1
  94, 3035, 157, 1
  268, 6741, 158, 1
  83, 12412, 168, 0
  106, 12195, 117, 0
  106, 15731, 94, 0
  139, 16401, 143, 0
  68, 15430, 160, 0
  67, 10940, 176, 0
  217, 9093, 153, 1
  86, 15703, 192, 0
  217, 14262, 159, 1
  109, 7377, 189, 0
  234, 5564, 170, 1
  148, 6097, 121, 1
  219, 3860, 174, 1
  152, 10233, 99, 0
  189, 2869, 153, 1
  174, 13389, 157, 0
  250, 15170, 126, 1
  205, 14290, 155, 1
  123, 8589, 105, 0
  221, 6392, 94, 1
  243, 3038, 149, 1
  111, 7086, 142, 0
  175, 4935, 157, 1
  277, 2998, 156, 1
  248, 10205, 132, 1
  247, 9925, 135, 1
  150, 7457, 139, 0
  228, 15955, 182, 1
  260, 17564, 146, 1
  166, 14651, 149, 0
  86, 13274, 128, 0
  167, 5433, 130, 1
  242, 8502, 180, 1
  152, 12236, 154, 0
  223, 8166, 175, 1
  156, 7048, 174, 0
  248, 17147, 127, 1
  90, 17016, 154, 0
  181, 14062, 196, 0
  134, 10018, 175, 0
  97, 11664, 134, 0
  193, 3554, 183, 1
  257, 10589, 194, 1
  124, 10147, 99, 0
  73, 3526, 150, 1
  149, 3238, 171, 1
  179, 9487, 185, 0
  256, 3916, 150, 1
  198, 11080, 195, 0
  157, 2731, 174, 1
  164, 7296, 95, 0
  199, 16145, 194, 0
  175, 14705, 102, 0
  290, 7742, 176, 1
  146, 4797, 177, 1
  191, 5448, 119, 1
  102, 9982, 113, 0
  68, 10365, 175, 0
  91, 9675, 145, 0
  83, 7471, 116, 0
  82, 17442, 116, 0
  251, 8103, 151, 1
  246, 11503, 173, 1
  162, 7182, 122, 0
  284, 15405, 144, 1
  279, 7988, 126, 1
  82, 13799, 145, 0
  100, 13872, 121, 0
  210, 15204, 116, 1
  237, 11557, 145, 1
  250, 11746, 120, 1
  236, 3155, 143, 1
  276, 9110, 180, 1
  247, 9731, 126, 1
  112, 9057, 195, 0
  280, 5708, 191, 1
  253, 5508, 124, 1
  86, 12136, 160, 0
  273, 9914, 108, 1
  134, 7147, 97, 0
  284, 7743, 163, 1
  288, 6981, 97, 1
  273, 9525, 126, 1
  250, 9157, 110, 1
  101, 5644, 172, 1
  192, 13521, 136, 0
  292, 10210, 164, 1
  229, 3590, 109, 1
  114, 10970, 196, 0
  207, 17312, 159, 1
  140, 7512, 113, 0
  259, 4486, 103, 1
  126, 11371, 178, 0
  70, 3478, 108, 1
  290, 15446, 98, 0
  82, 15993, 189, 0
  199, 7384, 152, 0
  82, 11483, 100, 0
  291, 10398, 191, 1
  238, 10577, 194, 1
  74, 10499, 166, 0
  85, 9044, 128, 0
  70, 2718, 167, 1
  250, 14430, 163, 1
  71, 14627, 130, 0
  232, 6272, 121, 1
  93, 3658, 176, 1
  171, 11459, 114, 0
  222, 13110, 184, 1
  278, 14167, 193, 1
  177, 13804, 167, 0
  127, 11748, 125, 0
  123, 10003, 149, 0
  70, 10607, 132, 0
  194, 15106, 109, 0
  160, 17591, 130, 0
  69, 11874, 187, 0
  246, 11310, 147, 1
  231, 11072, 131, 1
  160, 11580, 149, 0
  244, 13117, 109, 1
  277, 11013, 107, 1
  284, 9812, 137, 1
  251, 10423, 105, 1
  271, 7004, 144, 1
  117, 13314, 165, 0
  287, 4886, 139, 1
  117, 5986, 185, 1
  294, 5195, 185, 1
  170, 6570, 162, 1
  279, 3455, 117, 1
  203, 4478, 186, 1
  111, 5469, 149, 1
  282, 12418, 125, 1
  217, 8253, 156, 1
  246, 13963, 107, 1
  169, 4370, 176, 1
  75, 9783, 112, 0
  126, 4938, 193, 1
  103, 8293, 175, 0
  237, 14653, 182, 1
  124, 8479, 182, 0
  168, 16465, 133, 0
  172, 5891, 106, 1
  209, 16101, 99, 1
  124, 8583, 110, 0
  215, 14858, 124, 1
  191, 6346, 160, 1
  282, 14207, 188, 1
  213, 16210, 138, 1
  284, 16362, 156, 1
  85, 9510, 159, 0
  103, 4615, 182, 1
  116, 8773, 181, 0
  93, 11451, 168, 0
  222, 15912, 137, 1
  207, 10266, 134, 1
  286, 4641, 118, 1
  114, 12960, 112, 0
  156, 15616, 173, 0
  138, 7470, 152, 0
  167, 11175, 108, 0
  253, 3974, 125, 1
  133, 5391, 94, 1
  160, 16817, 164, 0
  167, 10081, 124, 0
  221, 6417, 146, 1
  261, 4755, 110, 1
  107, 5304, 140, 1
  235, 10724, 160, 1
  165, 15189, 156, 0
  120, 4068, 142, 1
  240, 9048, 162, 1
  190, 16560, 143, 0
  184, 17603, 189, 0
  242, 14611, 191, 1
  168, 6811, 117, 1
  228, 10080, 128, 1
  193, 14414, 159, 0
  127, 8738, 126, 0
  286, 3742, 176, 1
  134, 9659, 121, 0
  162, 5667, 188, 1
  76, 16780, 186, 0
  143, 17109, 127, 0
  140, 3816, 134, 1
  227, 7589, 187, 1
  89, 8594, 158, 0
  189, 4232, 175, 1
  107, 16149, 180, 0
  230, 14292, 131, 1
  186, 10396, 109, 0
  149, 5168, 164, 1
  66, 12010, 124, 0
  240, 6674, 123, 1
  135, 14161, 196, 0
  260, 12366, 156, 1
  99, 5074, 109, 1
  171, 14823, 151, 0
  89, 17604, 163, 0
  272, 14734, 187, 1
  144, 14224, 136, 0
  259, 12328, 182, 1
  132, 16585, 160, 0
  233, 11452, 178, 1
  129, 3257, 116, 1
  223, 9175, 174, 1
  89, 14808, 144, 0
  127, 16205, 108, 0
  144, 4155, 104, 1
  114, 16679, 125, 0
  77, 12594, 106, 0
  284, 13821, 183, 1
  232, 10924, 131, 1
  265, 13379, 149, 1
  118, 3177, 189, 1
  158, 4794, 104, 1
  263, 10049, 145, 1
  209, 15969, 161, 1
  241, 12886, 161, 1
  270, 4520, 177, 1
  88, 11457, 139, 0
  144, 14509, 177, 0
  276, 9392, 164, 1
  85, 9334, 166, 0
  190, 17518, 192, 0
  112, 13281, 131, 0
  204, 17112, 150, 1
  182, 3433, 167, 1
  80, 13642, 132, 0
  273, 16519, 145, 1
  116, 7799, 126, 0
  223, 7924, 100, 1
  140, 11845, 107, 0
  156, 3572, 126, 1
  163, 8159, 102, 0
  276, 16144, 106, 1
  95, 10191, 133, 0
  231, 7342, 190, 1
  251, 14508, 155, 1
  133, 11962, 135, 0
  117, 3954, 196, 1
  76, 11159, 168, 0
  144, 4869, 133, 1
  277, 16946, 98, 0
  196, 12219, 95, 0
  86, 14296, 153, 0
  131, 12035, 133, 0
  263, 5193, 193, 1
  161, 7759, 158, 0
  282, 3894, 162, 1
  197, 17445, 173, 0
  268, 13236, 153, 1
  90, 7316, 132, 0
  112, 13134, 100, 0
  68, 14866, 112, 0
  82, 5855, 134, 1
  262, 5044, 179, 1
  105, 16220, 181, 0
  102, 5480, 129, 1
  71, 10395, 188, 0
  112, 4327, 151, 1
  121, 7021, 170, 0
  266, 14435, 150, 1
  256, 7522, 168, 1
  119, 7614, 115, 0
  110, 14482, 131, 0
  130, 14696, 124, 0
  185, 7561, 108, 0
  195, 9452, 113, 0
  128, 17547, 154, 0
  282, 13410, 141, 1
  78, 9271, 134, 0
  174, 5198, 103, 1
  87, 2939, 133, 1
  111, 15821, 142, 0
  141, 13545, 122, 0
  194, 6117, 194, 1
  184, 8445, 166, 0
  253, 7818, 157, 1
  252, 13372, 144, 1
  258, 16586, 171, 1
  229, 3976, 189, 1
  70, 13491, 94, 0
  210, 14602, 110, 1
  84, 3500, 161, 1
  270, 11316, 131, 1
  168, 6782, 150, 1
  177, 2826, 154, 1
  227, 15499, 106, 1
  129, 6980, 163, 1
  90, 11262, 119, 0
  147, 3727, 130, 1
  142, 13637, 135, 0
  261, 9154, 153, 1
  228, 6504, 166, 1
  268, 8907, 135, 1
  181, 7068, 117, 0
  179, 13657, 114, 0
  281, 5275, 188, 1
  144, 7898, 177, 0
  90, 10437, 155, 0
  225, 12850, 113, 1
  69, 16357, 138, 0
  89, 8989, 127, 0
  75, 3169, 150, 1
  101, 13030, 152, 0
  153, 8469, 163, 0
  142, 11743, 108, 0
  279, 10013, 169, 1
  187, 14587, 173, 0
  126, 12082, 156, 0
  110, 13538, 95, 0
  100, 12419, 138, 0
  243, 15122, 187, 1
  173, 4237, 192, 1
  154, 9968, 196, 0
  223, 12477, 128, 1
  182, 11431, 104, 0
  236, 7778, 160, 1
  246, 3959, 118, 1
  170, 6127, 182, 1
  102, 3670, 113, 1
  161, 16355, 175, 0
  99, 6820, 164, 1
  148, 8424, 170, 0
  100, 6376, 117, 1
  282, 12152, 105, 1
  210, 16001, 149, 1
  197, 12656, 181, 0
  255, 11697, 172, 1
  147, 11041, 130, 0
  183, 5648, 186, 1
  193, 14740, 158, 0
  183, 16662, 98, 0
  271, 3463, 174, 1
  254, 15852, 173, 1
  115, 10629, 141, 0
  131, 14916, 119, 0
  151, 10402, 175, 0
  88, 16491, 135, 0
  94, 7480, 193, 0
  275, 10842, 124, 1
  287, 11539, 179, 1
  107, 10302, 138, 0
  245, 13446, 102, 1
  182, 15156, 128, 0
  176, 14679, 176, 0
  278, 16659, 147, 1
  150, 5777, 114, 1
  148, 12666, 193, 0
  134, 7079, 127, 0
  95, 8279, 128, 0
  109, 8176, 131, 0
  139, 14965, 141, 0
  211, 11979, 124, 1
  216, 11174, 102, 1
  204, 5064, 183, 1
  185, 4379, 194, 1
  77, 15564, 177, 0
  190, 2976, 145, 1
  266, 16367, 130, 1
  107, 7439, 141, 0
  207, 11289, 100, 1
  276, 13261, 182, 1
  87, 5450, 96, 1
  226, 7569, 118, 1
  207, 4087, 158, 1
  267, 9557, 162, 1
  128, 9515, 133, 0
  93, 4127, 167, 1
  107, 4674, 122, 1
  182, 17430, 187, 0
  273, 13961, 171, 1
  110, 11361, 142, 0
  212, 14307, 136, 1
  272, 12332, 146, 1
  104, 13714, 99, 0
  177, 5176, 155, 1
  69, 15405, 144, 0
  85, 6229, 147, 1
  134, 11638, 169, 0
  180, 12570, 190, 0
  152, 11690, 120, 0
  249, 13303, 112, 1
  176, 10405, 158, 0
  233, 17279, 116, 1
  219, 7629, 136, 1
  145, 10497, 173, 0
  188, 16654, 159, 0
  150, 8455, 148, 0
  207, 14993, 105, 1
  236, 4540, 154, 1
  270, 14155, 121, 1
  283, 13522, 105, 1
  219, 5233, 139, 1
  277, 8893, 101, 1
  152, 2906, 157, 1
  140, 7125, 136, 0
  147, 15013, 169, 0
  172, 12896, 138, 0
  65, 3036, 116, 1
  143, 3377, 109, 1
  133, 9142, 138, 0
  80, 16139, 108, 0
  167, 3045, 164, 1
  84, 4538, 163, 1
  103, 9892, 120, 0
  132, 12528, 108, 0
  155, 17667, 106, 0
  208, 11951, 186, 1
  152, 8199, 177, 0
  237, 4410, 141, 1
  193, 9918, 105, 0
  267, 3296, 136, 1
  191, 9021, 124, 0
  288, 15987, 158, 1
  215, 4222, 129, 1
  154, 3764, 139, 1
  89, 9168, 161, 0
  212, 12259, 186, 1
  108, 10965, 152, 0
  161, 5897, 126, 1
  146, 13091, 145, 0
  248, 13606, 97, 0
  70, 9137, 111, 0
  250, 8040, 121, 1
  254, 12118, 183, 1
  109, 12725, 180, 0
  183, 5285, 134, 1
  241, 15212, 147, 1
  241, 3983, 132, 1
  275, 6955, 190, 1
  224, 5467, 129, 1
  175, 14067, 157, 0
  139, 13983, 171, 0
  214, 9202, 192, 1
  110, 6007, 160, 1
  273, 3719, 145, 1
  249, 7646, 127, 1
  230, 6019, 161, 1
  276, 12241, 121, 1
  162, 7873, 167, 0
  144, 9432, 106, 0
  172, 9951, 156, 0
  268, 3750, 172, 1
  222, 17658, 100, 1
  150, 2733, 103, 1
  80, 9277, 187, 0
  274, 4359, 144, 1
  294, 11940, 165, 1
  139, 12933, 101, 0
  153, 9651, 115, 0
  184, 11113, 159, 0
  281, 10972, 163, 1
  99, 17129, 122, 0
  202, 8057, 101, 1
  202, 5866, 179, 1
  260, 17084, 112, 1
  217, 11681, 133, 1
  71, 4696, 160, 1
  113, 8347, 119, 0
  92, 6744, 99, 1
  65, 9975, 193, 0
  113, 12844, 99, 0
  81, 7766, 175, 0
  230, 12473, 106, 1
  116, 9585, 180, 0
  147, 10653, 178, 0
  249, 8825, 126, 1
  156, 7426, 178, 0
  274, 13581, 193, 1
  160, 16756, 118, 0
  209, 15491, 168, 1
  92, 9058, 103, 0
  275, 4430, 177, 1
  261, 14562, 140, 1
  151, 15987, 188, 0
  75, 7140, 152, 0
  192, 5352, 187, 1
  235, 15753, 143, 1
  291, 16638, 134, 1
  200, 2985, 114, 1
  286, 10608, 118, 1
  261, 17486, 118, 1
  165, 6938, 119, 1
  121, 5944, 107, 1
  74, 3769, 124, 1
  181, 9481, 109, 0
  122, 5935, 169, 1
  82, 7287, 132, 0
  130, 3861, 185, 1
  288, 3099, 129, 1
  184, 2711, 190, 1
  162, 8397, 160, 0
  65, 6009, 120, 1
  151, 5206, 103, 1
  122, 8056, 147, 0
  185, 11271, 155, 0
  227, 7409, 122, 1
  278, 14246, 141, 1
  188, 13338, 196, 0
  179, 9621, 136, 0
  210, 7248, 117, 1
  281, 9565, 147, 1
  226, 14547, 160, 1
  124, 13494, 191, 0
  216, 3168, 193, 1
  113, 17347, 133, 0
  197, 7202, 174, 0
  247, 6629, 142, 1
  76, 13106, 123, 0
  88, 16121, 109, 0
  122, 5609, 167, 1
  191, 9956, 143, 0
  115, 14806, 148, 0
  173, 9467, 152, 0
  72, 7113, 156, 0
  139, 6062, 136, 1
  170, 16330, 156, 0
  193, 12558, 115, 0
  102, 16106, 155, 0
  203, 12323, 190, 1
  161, 17318, 97, 0
  149, 12508, 119, 0
  199, 6874, 178, 1
  287, 7787, 179, 1
  201, 4716, 102, 1
  239, 15751, 148, 1
  67, 5648, 178, 1
  222, 3330, 114, 1
  231, 13272, 146, 1
  294, 9350, 116, 1
  182, 8917, 109, 0
  279, 11728, 180, 1
  264, 16477, 149, 1
  149, 6761, 196, 1
  169, 13868, 137, 0
  155, 8138, 144, 0
  117, 14749, 145, 0
  220, 7313, 120, 1
  107, 5365, 109, 1
  197, 13812, 164, 0
  269, 10965, 185, 1
  87, 13352, 162, 0
  65, 7970, 187, 0
  217, 6290, 164, 1
  286, 8073, 167, 1
  176, 4817, 158, 1
  278, 3762, 181, 1
  97, 5605, 156, 1
  184, 5636, 135, 1
  108, 6682, 120, 1
  77, 5800, 134, 1
  220, 17485, 154, 1
  203, 10625, 147, 1
  283, 14134, 179, 1
  148, 11436, 149, 0
  292, 15449, 153, 1
  276, 16987, 132, 1
  78, 14220, 151, 0
  220, 6080, 100, 1
  147, 4316, 162, 1
  226, 11148, 142, 1
  168, 10292, 97, 0
  285, 14869, 172, 1
  154, 12501, 162, 0
  100, 4654, 154, 1
  218, 4045, 121, 1
  196, 13469, 172, 0
  276, 13652, 147, 1
  275, 15054, 105, 1
  214, 9346, 112, 1
  249, 14435, 196, 1
  101, 4152, 175, 1
  71, 4688, 179, 1
  192, 15575, 96, 0
  124, 9437, 106, 0
  131, 3864, 143, 1
  260, 11173, 144, 1
  284, 9211, 187, 1
  222, 2719, 150, 1
  100, 7593, 112, 0
  269, 13586, 155, 1
  152, 15362, 178, 0
  102, 12699, 112, 0
  135, 5530, 164, 1
  153, 10459, 135, 0
  69, 12049, 166, 0
  136, 11093, 183, 0
  84, 3862, 123, 1
  90, 13422, 113, 0
  93, 2711, 133, 1
  266, 3032, 100, 1
  108, 2978, 151, 1
  224, 13924, 169, 1
  275, 4642, 111, 1
  104, 6531, 156, 1
  150, 11179, 106, 0
  123, 4890, 106, 1
  151, 9339, 144, 0
  95, 9000, 144, 0
  86, 15068, 113, 0
  86, 7218, 117, 0
  96, 12556, 150, 0
  156, 14552, 150, 0
  170, 17529, 124, 0
  72, 14897, 164, 0
  200, 6404, 129, 1
  250, 5107, 160, 1
  279, 14326, 180, 1
  117, 13464, 114, 0
  67, 11795, 169, 0
  209, 7768, 104, 1
  247, 16620, 166, 1
  125, 11505, 159, 0
  142, 8252, 113, 0
  95, 12764, 143, 0
  150, 13902, 176, 0
  232, 12944, 194, 1
  174, 13602, 129, 0
  138, 5649, 171, 1
  223, 6445, 175, 1
  144, 6095, 178, 1
  263, 12331, 113, 1
  194, 9957, 190, 0
  201, 13889, 187, 1
  276, 15573, 179, 1
  188, 12021, 105, 0
  241, 4622, 135, 1
  114, 5460, 191, 1
  186, 12878, 120, 0
  73, 15366, 194, 0
  80, 5785, 166, 1
  101, 4145, 108, 1
  174, 5906, 178, 1
  76, 16676, 105, 0
  156, 9873, 177, 0
  117, 11780, 125, 0
  271, 7454, 138, 1
  267, 10395, 125, 1
  242, 16646, 137, 1
  219, 8098, 124, 1
  139, 17695, 188, 0
  293, 11308, 185, 1
  187, 11369, 125, 0
  217, 4047, 146, 1
  218, 4131, 139, 1
  178, 7688, 136, 0
  99, 3634, 169, 1
  148, 6474, 193, 1
  227, 4933, 136, 1
  274, 5098, 156, 1
  231, 16936, 167, 1
  71, 8574, 130, 0
  194, 3397, 182, 1
  165, 11552, 137, 0
  66, 5390, 143, 1
  170, 12813, 161, 0
  72, 4864, 123, 1
  115, 4091, 187, 1
  89, 11485, 175, 0
  164, 11500, 135, 0
  84, 17633, 131, 0
  280, 17300, 167, 1
  231, 17175, 186, 1
  218, 5165, 168, 1
  137, 13137, 162, 0
  257, 4612, 179, 1
  104, 14343, 121, 0
  169, 2955, 190, 1
  100, 10273, 155, 0
  265, 13466, 149, 1
  136, 16343, 154, 0
  267, 16554, 103, 1
  65, 9163, 164, 0
  115, 10412, 169, 0
  201, 3336, 94, 1
  132, 17079, 143, 0
  82, 3606, 167, 1
  225, 4619, 150, 1
  160, 12932, 129, 0
  257, 4624, 105, 1
  234, 8275, 149, 1
  195, 8098, 107, 0
  184, 10532, 96, 0
  250, 11888, 119, 1
  207, 4902, 165, 1
  146, 13927, 137, 0
  137, 11967, 110, 0
  235, 13422, 137, 1
  186, 5779, 178, 1
  71, 3178, 181, 1
  198, 13499, 173, 0
  170, 13232, 175, 0
  119, 7503, 126, 0
  208, 10307, 168, 1
  261, 14221, 190, 1
  117, 4645, 99, 1
  282, 17167, 146, 1
  273, 11761, 111, 1
  117, 12899, 114, 0
  270, 17652, 119, 1
  85, 5494, 163, 1
  219, 11901, 168, 1
  109, 3342, 186, 1
  137, 16853, 170, 0
  209, 12655, 120, 1
  233, 11029, 126, 1
  97, 13049, 157, 0
  174, 10851, 97, 0
  169, 13996, 119, 0
  197, 6163, 137, 1
  294, 3282, 113, 1
  172, 14185, 184, 0
  226, 8765, 130, 1
  199, 3629, 134, 1
  114, 6347, 111, 1
  293, 7666, 144, 1
  182, 13554, 121, 0
  103, 6444, 107, 1
  269, 12351, 169, 1
  245, 14699, 103, 1
  234, 16519, 179, 1
  174, 16393, 159, 0
  224, 11291, 136, 1
  202, 3626, 185, 1
  278, 13889, 124, 1
  246, 15514, 97, 0
  218, 6519, 136, 1
  154, 4987, 169, 1
  290, 3222, 179, 1
  133, 13979, 139, 0
  131, 16352, 185, 0
  187, 12586, 118, 0
  137, 7231, 143, 0
  254, 7510, 185, 1
  202, 13372, 119, 1
  133, 16905, 185, 0
  200, 7506, 121, 0
  147, 13891, 132, 0
  277, 14613, 116, 1
  142, 5161, 108, 1
  208, 4071, 129, 1
  269, 12398, 126, 1
  251, 11458, 146, 1
  83, 13663, 122, 0
  80, 10703, 183, 0
  145, 16005, 106, 0
  73, 9278, 170, 0
  254, 5566, 179, 1
  175, 12362, 195, 0
  162, 6448, 160, 1
  82, 11825, 158, 0
  197, 4455, 187, 1
  159, 3173, 105, 1
  273, 15942, 162, 1
  116, 9575, 156, 0
  276, 7609, 102, 1
  233, 8839, 128, 1
  77, 10508, 160, 0
  71, 13430, 144, 0
  285, 10842, 156, 1
  143, 4631, 101, 1
  167, 17551, 174, 0
  187, 13886, 157, 0
  268, 15650, 106, 1
  183, 16435, 140, 0
  129, 8252, 171, 0
  129, 9613, 191, 0
  132, 12412, 138, 0
  210, 3437, 130, 1
  96, 5452, 137, 1
  278, 6855, 150, 1
  240, 14844, 118, 1
  195, 13959, 167, 0
  279, 14526, 170, 1
  151, 17287, 134, 0
  91, 6706, 184, 1
  276, 5168, 155, 1
  191, 11392, 152, 0
  116, 6245, 177, 1
  242, 4934, 135, 1
  278, 12236, 95, 0
  174, 12646, 114, 0
  69, 14267, 103, 0
  208, 10595, 172, 1
  125, 10704, 152, 0
  145, 16611, 99, 0
  215, 7230, 176, 1
  166, 14649, 122, 0
  245, 11783, 141, 1
  255, 4581, 103, 1
  96, 15598, 168, 0
  142, 3158, 175, 1
  253, 7650, 123, 1
  197, 15670, 104, 0
  82, 5920, 120, 1
  139, 5260, 178, 1
  226, 13040, 168, 1
  152, 8476, 191, 0
  244, 8449, 104, 1
  203, 12413, 136, 1
  265, 11169, 150, 1
  212, 5088, 119, 1
  201, 17473, 102, 1
  193, 13966, 180, 0
  224, 16365, 96, 0
  263, 7063, 137, 1
  177, 16049, 101, 0
  74, 14734, 192, 0
  185, 17298, 111, 0
  285, 7865, 124, 1
  68, 14540, 95, 0
  202, 4365, 116, 1
  183, 6505, 194, 1
  80, 12949, 103, 0
  254, 15039, 99, 1
  67, 8362, 187, 0
  185, 12276, 104, 0
  230, 12729, 150, 1
  284, 15346, 194, 1
  294, 11701, 119, 1
  224, 3694, 97, 1
  275, 13766, 105, 1
  286, 9118, 193, 1
  149, 11299, 134, 0
  262, 10657, 194, 1
  153, 6410, 110, 1
  74, 3951, 98, 1
  80, 9677, 126, 0
  280, 16406, 95, 0
  257, 8322, 185, 1
  175, 14978, 140, 0
  263, 12085, 195, 1
  248, 14593, 182, 1
  171, 17510, 192, 0
  247, 5982, 104, 1
  256, 7668, 105, 1
  236, 11504, 161, 1
  248, 7979, 126, 1
  188, 9751, 122, 0
  285, 16932, 194, 1
  281, 9425, 174, 1
  269, 16387, 189, 1
  179, 14359, 179, 0
  207, 6287, 103, 1
  281, 9430, 96, 0
  124, 12907, 109, 0
  254, 2793, 170, 1
  117, 17208, 144, 0
  176, 5811, 171, 1
  203, 14611, 102, 1
  196, 3832, 157, 1
  209, 16323, 126, 1
  68, 12365, 176, 0
  73, 12086, 124, 0
  277, 14930, 183, 1
  260, 6445, 118, 1
  157, 7027, 107, 0
  171, 7544, 160, 0
  173, 15793, 143, 0
  94, 3305, 97, 1
  260, 8938, 191, 1
  140, 5907, 100, 1
  126, 9966, 141, 0
  216, 3687, 155, 1
  247, 16821, 188, 1
  261, 6981, 155, 1
  234, 12831, 164, 1
  176, 15030, 147, 0
  81, 5224, 187, 1
  66, 4954, 171, 1
  71, 13342, 118, 0
  124, 4561, 116, 1
  71, 7713, 137, 0
  151, 14944, 98, 0
  232, 5915, 170, 1
  66, 13275, 162, 0
  238, 10049, 124, 1
  280, 10497, 157, 1
  110, 4478, 110, 1
  94, 16186, 180, 0
  250, 2780, 158, 1
  191, 14714, 170, 0
  213, 10225, 97, 0
  233, 11833, 192, 1
  65, 13921, 181, 0
  243, 15626, 125, 1
  157, 14310, 101, 0
  238, 8056, 135, 1
  196, 3435, 126, 1
  195, 14936, 195, 0
  190, 15388, 107, 0
  294, 8163, 121, 1
  90, 6428, 177, 1
  89, 14347, 151, 0
  183, 13556, 174, 0
  280, 2944, 189, 1
  161, 13991, 194, 0
  195, 10997, 104, 0
  205, 13492, 172, 1
  75, 8335, 95, 0
  147, 7079, 106, 0
  114, 11092, 195, 0
  171, 13651, 126, 0
  250, 4703, 170, 1
  89, 4463, 156, 1
  125, 12204, 114, 0
  248, 9605, 184, 1
  285, 16149, 191, 1
  218, 6774, 99, 1
  108, 7750, 125, 0
  175, 15218, 143, 0
  271, 15219, 152, 1
  147, 16415, 98, 0
  178, 2757, 177, 1
  207, 7603, 166, 1
  153, 16591, 171, 0
  121, 15725, 127, 0
  124, 10935, 149, 0
  125, 16714, 140, 0
  254, 3909, 140, 1
  255, 3878, 158, 1
  292, 11211, 139, 1
  292, 6539, 139, 1
  198, 8220, 111, 0
  198, 14557, 179, 0
  248, 11616, 130, 1
  265, 6378, 108, 1
  152, 12975, 163, 0
  106, 3279, 189, 1
  97, 16919, 99, 0
  256, 7852, 170, 1
  207, 7036, 137, 1
  228, 6071, 103, 1
  236, 2952, 127, 1
  258, 14930, 183, 1
  149, 10825, 94, 0
  260, 6919, 162, 1
  250, 17094, 130, 1
  231, 12024, 160, 1
  208, 8676, 145, 1
  117, 13581, 182, 0
  233, 5353, 189, 1
  135, 8531, 97, 0
  238, 9562, 175, 1
  212, 6329, 191, 1
  114, 7024, 94, 0
  280, 17495, 116, 1
  179, 15106, 190, 0
  193, 6492, 97, 1
  290, 4985, 157, 1
  228, 7335, 135, 1
  270, 4095, 146, 1
  253, 12604, 137, 1
  123, 5609, 190, 1
  272, 5258, 166, 1
  144, 12465, 189, 0
  128, 5712, 172, 1
  233, 10652, 138, 1
  181, 7430, 114, 0
  85, 2739, 178, 1
  279, 4841, 161, 1
  152, 11624, 99, 0
  227, 12228, 128, 1
  170, 2719, 103, 1
  106, 6111, 162, 1
  248, 15453, 152, 1
  182, 14676, 181, 0
  214, 15043, 168, 1
  241, 4465, 191, 1
  153, 12712, 132, 0
  165, 15801, 140, 0
  252, 12201, 146, 1
  239, 14170, 124, 1
  274, 8683, 163, 1
  68, 10795, 120, 0
  90, 9794, 176, 0
  88, 2815, 161, 1
  115, 14355, 168, 0
  207, 5376, 142, 1
  204, 8457, 136, 1
  253, 6477, 121, 1
  186, 15516, 143, 0
  102, 4155, 153, 1
  270, 6802, 125, 1
  275, 12813, 178, 1
  141, 13108, 134, 0
  94, 14835, 156, 0
  137, 17028, 179, 0
  213, 11199, 96, 0
  279, 4830, 180, 1
  222, 14073, 174, 1
  175, 3482, 110, 1
  92, 11236, 99, 0
  133, 4043, 176, 1
  111, 10722, 184, 0
  74, 12538, 167, 0
  201, 6375, 145, 1
  142, 17212, 116, 0
  230, 12407, 190, 1
  288, 5595, 149, 1
  76, 13711, 99, 0
  289, 13543, 128, 1
  161, 9799, 155, 0
  264, 12599, 168, 1
  177, 12217, 147, 0
  128, 7669, 194, 0
  291, 7499, 129, 1
  204, 10240, 158, 1
  100, 9314, 164, 0
  177, 6224, 145, 1
  108, 6596, 96, 1
  112, 17357, 133, 0
  109, 7768, 94, 0
  142, 8630, 117, 0
  76, 14002, 110, 0
  172, 14747, 103, 0
  72, 8307, 138, 0
  109, 3425, 94, 1
  194, 5427, 144, 1
  172, 16445, 183, 0
  272, 16863, 114, 1
  80, 9189, 133, 0
  224, 17092, 161, 1
  94, 8458, 182, 0
  149, 11046, 151, 0
  263, 16095, 190, 1
  91, 10412, 108, 0
  111, 16361, 147, 0
  286, 4051, 152, 1
  220, 16983, 109, 1
  182, 14127, 126, 0
  255, 14696, 96, 0
  91, 12563, 170, 0
  241, 16746, 190, 1
  173, 11248, 146, 0
  171, 17640, 191, 0
  110, 8228, 154, 0
  154, 4045, 95, 1
  213, 8268, 140, 1
  171, 4494, 154, 1
  136, 2878, 143, 1
  190, 12918, 152, 0
  152, 17381, 109, 0
  141, 15220, 169, 0
  286, 5437, 149, 1
  89, 7917, 118, 0
  148, 10176, 180, 0
  132, 15219, 187, 0
  74, 6877, 158, 1
  265, 8432, 164, 1
  244, 2818, 152, 1
  152, 16353, 102, 0
  276, 16030, 157, 1
  224, 17426, 132, 1
  80, 4383, 94, 1
  208, 10020, 146, 1
  244, 15679, 134, 1
  206, 8179, 165, 1
  187, 11026, 134, 0
  172, 4058, 137, 1
  78, 16195, 138, 0
  127, 7652, 127, 0
  240, 8453, 108, 1
  211, 14013, 157, 1
  231, 8684, 167, 1
  98, 17178, 133, 0
  137, 15747, 175, 0
  155, 11990, 162, 0
  276, 4242, 115, 1
  139, 11784, 162, 0
  159, 4886, 112, 1
  287, 9961, 126, 1
  116, 8471, 162, 0
  202, 5569, 160, 1
  138, 3592, 129, 1
  67, 8593, 190, 0
  240, 12109, 148, 1
  214, 10543, 114, 1
  222, 9907, 166, 1
  230, 3108, 105, 1
  81, 8785, 195, 0
  113, 17351, 118, 0
  177, 7438, 117, 0
  129, 11929, 191, 0
  250, 12978, 129, 1
  179, 5493, 107, 1
  146, 6504, 100, 1
  198, 16446, 118, 0
  136, 12156, 166, 0
  166, 11141, 156, 0
  119, 6495, 187, 1
  171, 6732, 105, 1
  137, 3869, 166, 1
  288, 10981, 179, 1
  205, 5718, 167, 1
  134, 7720, 191, 0
  232, 17474, 157, 1
  98, 9171, 177, 0
  251, 7057, 131, 1
  199, 3956, 178, 1
  210, 11339, 172, 1
  237, 11272, 175, 1
  279, 12408, 194, 1
  235, 14354, 104, 1
  153, 7069, 98, 0
  88, 14585, 101, 0
  285, 13585, 147, 1
  161, 10658, 186, 0
  115, 7451, 189, 0
  93, 10792, 133, 0
  171, 9030, 157, 0
  107, 17637, 148, 0
  213, 13960, 172, 1
  179, 16613, 149, 0
  272, 6788, 181, 1
  82, 16486, 126, 0
  286, 13201, 95, 0
  270, 17635, 174, 1
  83, 14324, 157, 0
  199, 15723, 141, 0
  130, 5563, 163, 1
  174, 9278, 143, 0
  129, 6580, 110, 1
  100, 15982, 141, 0
  241, 17362, 116, 1
  77, 9051, 99, 0
  185, 13859, 146, 0
  115, 11922, 191, 0
  237, 5390, 150, 1
  282, 15170, 148, 1
  192, 7967, 196, 0
  103, 16934, 98, 0
  214, 10797, 147, 1
  189, 14384, 138, 0
  135, 3072, 132, 1
  181, 6776, 173, 1
  190, 9032, 112, 0
  178, 14892, 195, 0
  272, 16426, 134, 1
  79, 8905, 171, 0
  142, 13477, 116, 0
  68, 14229, 94, 0
  89, 10568, 183, 0
  129, 5942, 186, 1
  220, 10672, 104, 1
  155, 10624, 195, 0
  246, 13496, 124, 1
  82, 4301, 113, 1
  75, 14002, 130, 0
  141, 11715, 121, 0
  82, 10815, 185, 0
  273, 4777, 100, 1
  113, 16101, 162, 0
  117, 9544, 168, 0
  210, 12337, 135, 1
  238, 6937, 145, 1
  251, 6667, 110, 1
  81, 5927, 97, 1
  76, 11952, 95, 0
  155, 16634, 180, 0
  194, 5914, 194, 1
  215, 16059, 168, 1
  278, 15484, 176, 1
  264, 2729, 194, 1
  128, 8131, 98, 0
  198, 6682, 118, 1
  119, 10499, 167, 0
  262, 13840, 171, 1
  144, 9044, 130, 0
  85, 10844, 99, 0
  273, 9956, 113, 1
  281, 6623, 180, 1
  274, 13338, 165, 1
  207, 16063, 137, 1
  201, 5650, 162, 1
  108, 5230, 161, 1
  69, 15684, 183, 0
  141, 14932, 105, 0
  279, 16442, 107, 1
  125, 9594, 98, 0
  219, 16681, 121, 1
  75, 7935, 114, 0
  111, 12227, 151, 0
  147, 16983, 144, 0
  174, 4276, 108, 1
  165, 6875, 185, 1
  136, 11563, 95, 0
  95, 11717, 177, 0
  105, 16068, 161, 0
  226, 17400, 103, 1
  112, 16649, 169, 0
  119, 15212, 189, 0
  107, 6356, 128, 1
  109, 6073, 115, 1
  100, 15087, 192, 0
  163, 7539, 158, 0
  287, 17390, 169, 1
  90, 4229, 123, 1
  141, 7079, 161, 0
  288, 10671, 101, 1
  209, 9845, 172, 1
  115, 10650, 106, 0
  250, 13813, 159, 1
  289, 10829, 144, 1
  236, 15831, 164, 1
  78, 17008, 189, 0
  104, 16566, 155, 0
  178, 9714, 188, 0
  119, 13941, 141, 0
  218, 11672, 94, 0
  90, 11438, 111, 0
  246, 16231, 147, 1
  162, 11169, 123, 0
  258, 4802, 152, 1
  112, 6608, 171, 1
  280, 12339, 127, 1
  286, 6714, 164, 1
  76, 4145, 128, 1
  262, 16304, 142, 1
  187, 13668, 168, 0
  149, 6867, 120, 1
  249, 3595, 133, 1
  150, 4956, 121, 1
  161, 5872, 125, 1
  88, 15656, 108, 0
  65, 15404, 141, 0
  161, 16739, 132, 0
  263, 8951, 124, 1
  111, 6600, 96, 1
  129, 10194, 131, 0
  158, 8261, 121, 0
  189, 12118, 173, 0
  227, 4265, 114, 1
  247, 7592, 169, 1
  132, 15703, 172, 0
  261, 8551, 127, 1
  190, 3175, 125, 1
  140, 12547, 104, 0
  110, 3837, 179, 1
  208, 10341, 104, 1
  129, 13323, 191, 0
  168, 3752, 136, 1
  125, 6197, 138, 1
  132, 13936, 163, 0
  87, 9389, 104, 0
  236, 5188, 190, 1
  97, 8598, 179, 0
  182, 3553, 148, 1
  189, 16311, 171, 0
  199, 16345, 101, 0
  70, 17138, 147, 0
  87, 17368, 153, 0
  289, 11703, 190, 1
  252, 9346, 129, 1
  69, 7281, 141, 0
  216, 14438, 106, 1
  168, 15339, 100, 0
  132, 3444, 166, 1
  288, 6208, 115, 1
  104, 9485, 147, 0
  180, 15789, 171, 0
  188, 8379, 193, 0
  152, 12302, 188, 0
  253, 5296, 106, 1
  269, 10333, 116, 1
  173, 12305, 115, 0
  124, 10602, 190, 0
  133, 13534, 106, 0
  91, 12559, 175, 0
  259, 5265, 187, 1
  280, 15379, 143, 1
  265, 11035, 110, 1
  245, 7972, 192, 1
  256, 8015, 95, 0
  117, 15808, 190, 0
  290, 14844, 196, 1
  193, 9543, 164, 0
  216, 14554, 110, 1
  234, 3704, 151, 1
  170, 17480, 112, 0
  231, 6322, 176, 1
  125, 12294, 174, 0
  109, 12971, 128, 0
  236, 11673, 127, 1
  141, 10601, 171, 0
  160, 13211, 129, 0
  121, 12389, 193, 0
  119, 10624, 169, 0
  276, 6860, 193, 1
  240, 17657, 117, 1
  190, 4275, 121, 1
  70, 5310, 190, 1
  233, 11845, 176, 1
  125, 13057, 183, 0
  208, 15955, 122, 1
  177, 16085, 107, 0
  180, 7324, 112, 0
  129, 15411, 189, 0
  210, 9698, 112, 1
  136, 4777, 192, 1
  228, 14092, 122, 1
  119, 13328, 102, 0
  96, 5876, 114, 1
  194, 7319, 186, 0
  206, 3523, 107, 1
  290, 15805, 128, 1
  160, 14598, 128, 0
  283, 8970, 190, 1
  264, 4639, 178, 1
  182, 17614, 149, 0
  168, 13875, 182, 0
  133, 13294, 141, 0
  241, 17606, 127, 1
  204, 14269, 126, 1
  181, 7402, 154, 0
  253, 11509, 99, 1
  180, 15210, 143, 0
  115, 10649, 169, 0
  234, 10984, 157, 1
  250, 7949, 96, 0
  116, 4628, 169, 1
  174, 16018, 188, 0
  92, 14351, 151, 0
  73, 13946, 117, 0
  242, 17458, 104, 1
  220, 12137, 158, 1
  240, 2834, 193, 1
  151, 16264, 193, 0
  245, 7222, 114, 1
  205, 13858, 158, 1
  97, 6222, 109, 1
  199, 8934, 132, 0
  135, 11974, 115, 0
  166, 16849, 130, 0
  221, 3456, 162, 1
  183, 3402, 123, 1
  192, 13952, 138, 0
  248, 6783, 154, 1
  119, 14264, 162, 0
  106, 2703, 133, 1
  113, 6719, 110, 1
  159, 6304, 146, 1
  252, 10421, 116, 1
  253, 3431, 94, 1
  197, 10472, 184, 0
  230, 10102, 163, 1
  267, 17571, 119, 1
  264, 4920, 141, 1
  224, 12425, 147, 1
  252, 14744, 174, 1
  157, 5987, 169, 1
  163, 6540, 173, 1
  164, 10061, 196, 0
  266, 3425, 97, 1
  87, 17386, 100, 0
  170, 12497, 98, 0
  73, 15229, 107, 0
  249, 3149, 124, 1
  288, 12972, 139, 1
  167, 4206, 176, 1
  132, 16472, 178, 0
  172, 13258, 110, 0
  177, 13944, 195, 0
  260, 12819, 145, 1
  224, 4384, 159, 1
  117, 8463, 138, 0
  262, 2943, 105, 1
  104, 10867, 171, 0
  193, 6507, 122, 1
  220, 14425, 182, 1
  84, 5197, 141, 1
  269, 4258, 166, 1
  250, 7966, 150, 1
  263, 10143, 184, 1
  109, 3419, 103, 1
  250, 15009, 120, 1
  204, 14665, 137, 1
  96, 12754, 195, 0
  66, 7125, 174, 0
  236, 17055, 107, 1
  155, 8836, 172, 0
  102, 15706, 160, 0
  153, 8402, 126, 0
  115, 12030, 99, 0
  174, 12142, 129, 0
  159, 9903, 106, 0
  273, 8467, 175, 1
  276, 7342, 143, 1
  99, 15525, 107, 0
  223, 13679, 164, 1
  198, 16290, 99, 0
  113, 5835, 195, 1
  244, 14417, 158, 1
  223, 9925, 114, 1
  238, 6714, 173, 1
  268, 3005, 179, 1
  105, 10749, 182, 0
  251, 11498, 167, 1
  81, 5958, 107, 1
  153, 2924, 141, 1
  103, 16085, 143, 0
  226, 17293, 154, 1
  265, 5564, 124, 1
  244, 7028, 130, 1
  169, 8568, 129, 0
  193, 6198, 113, 1
  249, 12064, 136, 1
  70, 12089, 171, 0
  180, 6058, 161, 1
  148, 3737, 96, 1
  76, 3108, 104, 1
  248, 13497, 94, 0
  218, 5625, 126, 1
  163, 11472, 128, 0
  105, 12435, 131, 0
  85, 11090, 156, 0
  112, 5345, 190, 1
  236, 17172, 192, 1
  238, 16533, 168, 1
  291, 6092, 108, 1
  82, 16522, 156, 0
  288, 15806, 128, 1
  254, 13073, 187, 1
  215, 11070, 187, 1
  202, 9643, 189, 1
  133, 6512, 121, 1
  256, 16534, 158, 1
  149, 11484, 174, 0
  202, 12001, 109, 1
  154, 15466, 172, 0
  135, 14350, 119, 0
  78, 15507, 104, 0
  167, 10313, 112, 0
  211, 17398, 154, 1
  78, 6783, 160, 1
  222, 6229, 196, 1
  226, 4024, 137, 1
  182, 7698, 182, 0
  288, 12142, 186, 1
  166, 11082, 131, 0
  122, 9893, 188, 0
  179, 5941, 160, 1
  88, 11478, 181, 0
  74, 8255, 133, 0
  223, 13757, 159, 1
  72, 8612, 165, 0
  127, 14477, 170, 0
  266, 7836, 135, 1
  199, 6678, 187, 1
  231, 15072, 174, 1
  195, 7921, 193, 0
  70, 11295, 95, 0
  172, 10125, 138, 0
  230, 9583, 186, 1
  68, 8748, 147, 0
  198, 4986, 182, 1
  97, 6728, 158, 1
  224, 11921, 105, 1
  240, 2743, 119, 1
  115, 16207, 144, 0
  195, 12845, 170, 0
  123, 8067, 169, 0
  241, 11130, 146, 1
  249, 6900, 121, 1
  105, 9194, 145, 0
  164, 3380, 160, 1
  269, 15216, 120, 1
  158, 5212, 109, 1
  256, 7472, 99, 1
  159, 14091, 152, 0
  203, 3263, 136, 1
  270, 5507, 174, 1
  212, 7518, 128, 1
  114, 17490, 138, 0
  177, 8961, 192, 0
  226, 4755, 172, 1
  233, 7739, 145, 1
  116, 5473, 107, 1
  216, 14896, 174, 1
  74, 16607, 113, 0
  153, 15791, 126, 0
  190, 16924, 154, 0
  155, 14651, 115, 0
  107, 7923, 176, 0
  214, 10115, 178, 1
  163, 9317, 150, 0
  276, 11551, 122, 1
  261, 16739, 172, 1
  118, 5783, 150, 1
  199, 5354, 133, 1
  98, 5854, 140, 1
  231, 10928, 154, 1
  263, 12623, 156, 1
  160, 11632, 171, 0
  140, 3331, 172, 1
  96, 7110, 194, 0
  263, 11811, 173, 1
  66, 9034, 141, 0
  166, 7142, 172, 0
  267, 9576, 105, 1
  163, 4684, 154, 1
  272, 5648, 110, 1
  129, 17576, 163, 0
  271, 6904, 135, 1
  271, 3998, 130, 1
  128, 8381, 185, 0
  77, 11957, 108, 0
  178, 13308, 107, 0
  154, 4371, 161, 1
  96, 16118, 160, 0
  88, 5810, 189, 1
  115, 14007, 157, 0
  141, 14220, 128, 0
  210, 16962, 142, 1
  138, 12282, 153, 0
  237, 7400, 104, 1
  234, 4289, 195, 1
  185, 15075, 155, 0
  181, 8921, 111, 0
  68, 17657, 168, 0
  91, 8866, 119, 0
  253, 6789, 185, 1
  264, 4535, 188, 1
  174, 14664, 173, 0
  111, 7048, 104, 0
  244, 13179, 146, 1
  121, 13269, 167, 0
  259, 17275, 126, 1
  69, 16077, 192, 0
  79, 8584, 193, 0
  278, 4833, 157, 1
  145, 15994, 98, 0
  198, 2821, 128, 1
  137, 4194, 170, 1
  160, 11530, 136, 0
  145, 6073, 165, 1
  166, 5202, 126, 1
  279, 7881, 107, 1
  205, 16076, 150, 1
  195, 13461, 190, 0
  290, 7368, 168, 1
  265, 17567, 100, 1
  167, 16469, 97, 0
  285, 10579, 135, 1
  213, 12890, 123, 1
  65, 12198, 96, 0
  281, 8467, 128, 1
  116, 5674, 107, 1
  159, 6295, 107, 1
  270, 8030, 97, 0
  77, 15268, 175, 0
  268, 10940, 170, 1
  181, 6854, 157, 1
  128, 14284, 187, 0
  162, 5467, 169, 1
  83, 13131, 154, 0
  176, 11429, 105, 0
  177, 6720, 113, 1
  171, 3045, 182, 1
  222, 6599, 171, 1
  191, 4394, 94, 1
  231, 3874, 141, 1
  190, 15035, 124, 0
  153, 11146, 188, 0
  278, 13964, 164, 1
  235, 16139, 145, 1
  234, 13680, 150, 1
  121, 17447, 158, 0
  135, 6534, 152, 1
  105, 5663, 153, 1
  81, 15982, 133, 0
  90, 5750, 139, 1
  129, 12241, 187, 0
  202, 16990, 110, 1
  152, 15056, 153, 0
  128, 12594, 158, 0
  71, 13213, 146, 0
  155, 12575, 180, 0
  135, 4902, 148, 1
  219, 12336, 114, 1
  208, 4150, 109, 1
  93, 17473, 144, 0
  213, 5110, 129, 1
  74, 6687, 129, 1
  136, 15172, 98, 0
  169, 7239, 156, 0
  278, 10770, 96, 0
  135, 5505, 183, 1
  118, 10862, 105, 0
  131, 10926, 113, 0
  183, 15127, 124, 0
  86, 11052, 171, 0
  79, 3833, 159, 1
  243, 5348, 119, 1
  168, 13328, 146, 0
  214, 3581, 187, 1
  173, 17013, 139, 0
  95, 16509, 189, 0
  117, 6259, 190, 1
  251, 17484, 146, 1
  93, 6718, 191, 1
  193, 10700, 116, 0
  219, 15954, 131, 1
  121, 9942, 96, 0
  113, 7305, 128, 0
  69, 15103, 112, 0
  250, 3687, 172, 1
  120, 6509, 150, 1
  135, 8984, 103, 0
  147, 7769, 120, 0
  119, 2928, 129, 1
  257, 4257, 179, 1
  147, 5684, 146, 1
  76, 16928, 169, 0
  261, 14441, 179, 1
  92, 14673, 159, 0
  255, 12185, 189, 1
  247, 6606, 111, 1
  81, 4382, 101, 1
  121, 17362, 160, 0
  97, 16088, 103, 0
  66, 8844, 196, 0
  95, 5869, 138, 1
  250, 16303, 183, 1
  132, 13660, 151, 0
  211, 11553, 123, 1
  272, 15060, 168, 1
  118, 2888, 124, 1
  245, 8581, 141, 1
  141, 9671, 170, 0
  151, 9914, 103, 0
  189, 16985, 101, 0
  276, 3101, 171, 1
  99, 13762, 142, 0
  162, 11651, 94, 0
  224, 4067, 151, 1
  128, 15397, 193, 0
  116, 11948, 170, 0
  212, 12370, 123, 1
  253, 5089, 99, 1
  71, 15104, 129, 0
  235, 11973, 180, 1
  160, 5651, 180, 1
  91, 14576, 182, 0
  182, 3736, 143, 1
  239, 5586, 138, 1
  251, 4123, 157, 1
  76, 9717, 122, 0
  143, 15680, 96, 0
  93, 5045, 160, 1
  254, 4587, 130, 1
  119, 12660, 137, 0
  231, 16897, 156, 1
  114, 2727, 107, 1
  104, 12732, 120, 0
  244, 7358, 119, 1
  180, 5699, 129, 1
  174, 15519, 149, 0
  72, 2963, 152, 1
  65, 11763, 191, 0
  93, 4856, 173, 1
  213, 15378, 150, 1
  145, 5823, 134, 1
  201, 4577, 166, 1
  106, 10092, 132, 0
  174, 5246, 137, 1
  275, 16867, 180, 1
  99, 3788, 100, 1
  168, 15574, 121, 0
  225, 13266, 138, 1
  90, 5190, 154, 1
  224, 9874, 191, 1
  176, 8781, 147, 0
  228, 17394, 184, 1
  128, 15957, 196, 0
  287, 8027, 188, 1
  266, 9477, 142, 1
  180, 15421, 154, 0
  71, 13354, 139, 0
  252, 8155, 170, 1
  209, 14749, 138, 1
  169, 13571, 155, 0
  203, 16245, 191, 1
  188, 5001, 195, 1
  87, 12024, 146, 0
  131, 10325, 119, 0
  239, 15620, 183, 1
  118, 7013, 167, 0
  244, 14875, 158, 1
  180, 4185, 181, 1
  191, 16214, 173, 0
  156, 15414, 181, 0
  121, 12475, 165, 0
  243, 11718, 161, 1
  231, 10111, 127, 1
  226, 5619, 152, 1
  235, 9257, 193, 1
  81, 12491, 195, 0
  131, 15620, 145, 0
  73, 10173, 175, 0
  137, 2713, 158, 1
  110, 6168, 132, 1
  87, 15994, 160, 0
  270, 10393, 132, 1
  115, 8780, 196, 0
  96, 3345, 178, 1
  276, 9422, 124, 1
  133, 10828, 154, 0
  229, 12624, 144, 1
  255, 13740, 165, 1
  92, 9026, 174, 0
  138, 7449, 96, 0
  72, 3171, 115, 1
  107, 11278, 111, 0
  163, 5143, 186, 1
  88, 14397, 195, 0
  183, 5626, 171, 1
  93, 10392, 185, 0
  276, 12289, 190, 1
  150, 13148, 145, 0
  263, 9217, 111, 1
  129, 13192, 187, 0
  130, 14727, 160, 0
  120, 8486, 107, 0
  255, 16020, 121, 1
  108, 9999, 143, 0
  221, 15741, 165, 1
  267, 12905, 151, 1
  142, 17540, 150, 0
  211, 14520, 140, 1
  153, 10911, 179, 0
  159, 6285, 160, 1
  250, 7117, 131, 1
  173, 6218, 160, 1
  278, 12896, 182, 1
  237, 9937, 167, 1
  118, 4488, 139, 1
  259, 7060, 128, 1
  201, 12191, 114, 1
  74, 4468, 138, 1
  67, 6177, 109, 1
  96, 10282, 94, 0
  92, 11565, 161, 0
  119, 6419, 117, 1
  180, 5419, 129, 1
  79, 11017, 168, 0
  252, 6715, 183, 1
  281, 14809, 177, 1
  231, 8655, 183, 1
  243, 2918, 153, 1
  288, 13872, 104, 1
  163, 3580, 165, 1
  67, 9805, 126, 0
  284, 10378, 119, 1
  288, 14462, 126, 1
  82, 4798, 98, 1
  84, 4937, 189, 1
  90, 16922, 148, 0
  132, 11439, 128, 0
  71, 12032, 102, 0
  178, 3523, 167, 1
  174, 6955, 105, 1
  119, 17531, 128, 0
  108, 2763, 124, 1
  221, 15757, 176, 1
  232, 3294, 181, 1
  191, 10881, 118, 0
  97, 7924, 140, 0
  75, 15892, 102, 0
  150, 11362, 184, 0
  245, 14030, 147, 1
  119, 12626, 196, 0
  128, 10330, 188, 0
  286, 5948, 165, 1
  83, 3367, 170, 1
  215, 13382, 163, 1
  258, 16353, 132, 1
  285, 11216, 103, 1
  100, 6793, 142, 1
  243, 12659, 133, 1
  150, 16079, 165, 0
  155, 16013, 130, 0
  205, 4177, 137, 1
  125, 3319, 126, 1
  67, 17437, 186, 0
  182, 5991, 194, 1
  217, 14994, 98, 0
  111, 16504, 176, 0
  256, 10346, 111, 1
  159, 10050, 150, 0
  127, 17026, 181, 0
  148, 8156, 196, 0
  271, 7729, 113, 1
  148, 15811, 169, 0
  235, 16968, 155, 1
  131, 11840, 176, 0
  251, 3661, 133, 1
  173, 11942, 151, 0
  225, 3993, 156, 1
  273, 17497, 171, 1
  145, 9553, 180, 0
  126, 6265, 116, 1
  287, 14439, 193, 1
  127, 8898, 108, 0
  104, 10881, 166, 0
  159, 10031, 181, 0
  91, 9070, 115, 0
  247, 10279, 115, 1
  205, 8256, 119, 1
  133, 12771, 121, 0
  278, 6047, 136, 1
  228, 17440, 164, 1
  73, 13061, 159, 0
  237, 11728, 136, 1
  252, 8250, 157, 1
  149, 5821, 175, 1
  106, 5282, 118, 1
  121, 9860, 100, 0
  285, 16724, 155, 1
  137, 8273, 111, 0
  233, 8241, 159, 1
  70, 8872, 102, 0
  198, 4673, 121, 1
  258, 14271, 162, 1
  167, 10032, 94, 0
  241, 16813, 128, 1
  183, 6083, 142, 1
  204, 13051, 116, 1
  159, 9666, 97, 0
  236, 17405, 132, 1
  103, 10112, 172, 0
  216, 10236, 169, 1
  70, 12768, 97, 0
  109, 7176, 167, 0
  125, 3105, 145, 1
  218, 5013, 192, 1
  264, 17074, 119, 1
  202, 9797, 109, 1
  158, 11003, 100, 0
  130, 17192, 115, 0
  78, 10295, 110, 0
  122, 13153, 195, 0
  277, 13670, 133, 1
  150, 16208, 195, 0
  206, 9520, 156, 1
  183, 14244, 156, 0
  230, 4463, 156, 1
  285, 6556, 111, 1
  193, 6689, 183, 1
  226, 8600, 155, 1
  243, 14828, 189, 1
  84, 6711, 163, 1
  86, 4878, 127, 1
  275, 6342, 189, 1
  110, 9180, 149, 0
  253, 6833, 114, 1
  201, 12701, 100, 1
  92, 3239, 185, 1
  286, 12045, 192, 1
  159, 13184, 109, 0
  180, 17089, 156, 0
  213, 11210, 149, 1
  263, 16409, 181, 1
  174, 8216, 125, 0
  77, 5095, 194, 1
  120, 7456, 124, 0
  82, 4663, 187, 1
  169, 13235, 153, 0
  179, 12138, 120, 0
  69, 4376, 135, 1
  214, 7269, 128, 1
  245, 15805, 116, 1
  84, 4724, 99, 1
  117, 7507, 134, 0
  275, 2976, 132, 1
  152, 9311, 133, 0
  219, 16186, 129, 1
  81, 8115, 117, 0
  269, 17142, 144, 1
  192, 15862, 128, 0
  234, 6236, 148, 1
  80, 15243, 180, 0
  253, 16683, 155, 1
  190, 11381, 133, 0
  98, 4942, 182, 1
  258, 5599, 186, 1
  279, 11765, 120, 1
  67, 15231, 142, 0
  210, 13586, 191, 1
  79, 7302, 136, 0
  246, 7553, 181, 1
  103, 4452, 144, 1
  287, 9819, 150, 1
  290, 16518, 194, 1
  112, 11587, 191, 0
  293, 6255, 118, 1
  104, 13641, 101, 0
  108, 11246, 125, 0
  123, 9832, 135, 0
  182, 6757, 173, 1
  200, 5801, 192, 1
  111, 17068, 175, 0
  123, 9015, 172, 0
  132, 13764, 173, 0
  275, 7225, 178, 1
  256, 14681, 182, 1
  72, 9523, 113, 0
  265, 10516, 153, 1
  182, 12839, 137, 0
  148, 4692, 170, 1
  126, 6814, 196, 1
  198, 6250, 110, 1
  219, 16851, 136, 1
  188, 10959, 196, 0
  208, 14423, 138, 1
  147, 16346, 147, 0
  86, 3833, 135, 1
  254, 11357, 127, 1
  131, 11674, 135, 0
  214, 14966, 100, 1
  222, 16629, 190, 1
  220, 11564, 166, 1
  105, 16096, 144, 0
  136, 16216, 137, 0
  175, 14962, 160, 0
  71, 12932, 170, 0
  122, 6014, 155, 1
  68, 4012, 123, 1
  222, 16520, 159, 1
  98, 14754, 173, 0
  166, 14854, 121, 0
  193, 11202, 141, 0
  138, 3443, 139, 1
  186, 17323, 124, 0
  293, 15115, 143, 1
  192, 8195, 156, 0
  214, 14748, 162, 1
  173, 12148, 174, 0
  188, 6586, 115, 1
  292, 17452, 140, 1
  133, 5854, 124, 1
  112, 4133, 119, 1
  86, 2874, 183, 1
  241, 10575, 187, 1
  134, 9656, 132, 0
  186, 7507, 124, 0
  157, 6061, 140, 1
  112, 14358, 136, 0
  143, 10163, 190, 0
  208, 2705, 103, 1
  190, 15311, 143, 0
  284, 5986, 187, 1
  154, 10078, 106, 0
  131, 12402, 161, 0
  176, 16313, 189, 0
  205, 15315, 166, 1
  199, 6896, 169, 1
  181, 15584, 106, 0
  216, 13864, 147, 1
  238, 4388, 109, 1
  189, 10994, 139, 0
  202, 13841, 122, 1
  182, 13799, 149, 0
  246, 4003, 108, 1
  250, 14310, 108, 1
  148, 12342, 108, 0
  291, 3497, 184, 1
  93, 13919, 173, 0
  162, 4153, 195, 1
  114, 16968, 109, 0
  116, 9672, 193, 0
  84, 14289, 186, 0
  122, 15269, 196, 0
  197, 12547, 191, 0
  209, 10190, 148, 1
  165, 2809, 152, 1
  208, 7572, 150, 1
  272, 12080, 151, 1
  115, 15474, 175, 0
  100, 17051, 174, 0
  235, 5732, 145, 1
  67, 9614, 178, 0
  263, 3218, 141, 1
  151, 10679, 149, 0
  172, 17203, 149, 0
  187, 7224, 171, 0
  106, 5397, 151, 1
  123, 14502, 196, 0
  168, 17471, 192, 0
  253, 5151, 163, 1
  229, 9348, 112, 1
  217, 3800, 169, 1
  159, 5961, 108, 1
  292, 4824, 182, 1
  174, 5609, 110, 1
  91, 13886, 165, 0
  92, 4295, 124, 1
  204, 12466, 171, 1
  130, 6513, 101, 1
  276, 17360, 171, 1
  127, 5054, 151, 1
  91, 5910, 101, 1
  163, 16706, 114, 0
  255, 10951, 116, 1
  243, 4529, 150, 1
  207, 3065, 194, 1
  176, 14680, 158, 0
  217, 8088, 112, 1
  86, 17042, 127, 0
  187, 6384, 145, 1
  183, 13843, 169, 0
  159, 14288, 189, 0
  137, 9951, 104, 0
  194, 4003, 145, 1
  96, 15398, 151, 0
  189, 11493, 118, 0
  286, 7141, 143, 1
  157, 13609, 171, 0
  193, 4806, 145, 1
  269, 9338, 122, 1
  178, 13265, 162, 0
  117, 11407, 171, 0
  173, 15222, 105, 0
  79, 8977, 112, 0
  263, 12342, 168, 1
  251, 6966, 184, 1
  198, 16393, 188, 0
  203, 6423, 120, 1
  247, 13079, 122, 1
  117, 3038, 165, 1
  135, 10399, 161, 0
  219, 3452, 131, 1
  87, 16829, 113, 0
  207, 3635, 191, 1
  283, 6988, 179, 1
  235, 9721, 157, 1
  278, 16354, 181, 1
  153, 15344, 161, 0
  87, 5815, 179, 1
  277, 3012, 127, 1
  252, 13661, 130, 1
  257, 10416, 99, 1
  227, 4749, 99, 1
  257, 8630, 131, 1
  230, 2901, 194, 1
  203, 11962, 145, 1
  206, 12472, 132, 1
  275, 11145, 168, 1
  190, 6213, 100, 1
  97, 5741, 100, 1
  168, 7582, 146, 0
  80, 16203, 172, 0
  98, 13232, 105, 0
  94, 5507, 165, 1
  174, 8676, 176, 0
  176, 6794, 184, 1
  286, 16255, 141, 1
  277, 6761, 126, 1
  88, 7860, 126, 0
  137, 10801, 143, 0
  280, 2745, 140, 1
  243, 5047, 169, 1
  250, 6690, 132, 1
  89, 6959, 113, 1
  87, 12797, 145, 0
  215, 8763, 110, 1
  240, 10208, 138, 1
  96, 15517, 195, 0
  280, 8484, 100, 1
  240, 11925, 116, 1
  237, 14005, 194, 1
  190, 14145, 131, 0
  109, 16183, 113, 0
  98, 16880, 195, 0
  71, 10736, 176, 0
  281, 4444, 132, 1
  269, 8912, 166, 1
  175, 4748, 139, 1
  209, 9284, 186, 1
  75, 12862, 122, 0
  89, 8325, 123, 0
  124, 4923, 170, 1
  110, 3630, 156, 1
  139, 6077, 154, 1
  191, 11426, 134, 0
  116, 10703, 104, 0
  113, 6657, 157, 1
  153, 7148, 157, 0
  102, 5475, 142, 1
  130, 9494, 139, 0
  103, 14882, 152, 0
  293, 16225, 130, 1
  98, 7038, 156, 0
  162, 10591, 147, 0
  123, 10507, 171, 0
  107, 8775, 162, 0
  66, 15892, 138, 0
  192, 3333, 96, 1
  110, 3421, 101, 1
  90, 10259, 130, 0
  256, 11772, 131, 1
  102, 10870, 141, 0
  73, 4773, 191, 1
  131, 4966, 142, 1
  150, 5260, 192, 1
  138, 14571, 172, 0
  102, 16226, 114, 0
  273, 7810, 154, 1
  218, 5210, 177, 1
  251, 13948, 154, 1
  270, 12777, 117, 1
  97, 4427, 168, 1
  222, 15076, 122, 1
  216, 16979, 151, 1
  166, 5605, 154, 1
  140, 9446, 131, 0
  254, 13518, 123, 1
  219, 4244, 149, 1
  222, 6465, 144, 1
  145, 4896, 179, 1
  210, 16479, 101, 1
  235, 9400, 147, 1
  257, 7746, 168, 1
  222, 13457, 165, 1
  259, 17114, 139, 1
  277, 15235, 144, 1
  229, 14190, 168, 1
  276, 12943, 153, 1
  293, 12357, 193, 1
  291, 14369, 129, 1
  188, 7609, 194, 0
  241, 14939, 142, 1
  123, 10710, 99, 0
  161, 7971, 151, 0
  287, 10040, 183, 1
  218, 6072, 171, 1
  246, 6871, 150, 1
  261, 13945, 159, 1
  284, 15940, 186, 1
  96, 12997, 171, 0
  192, 13686, 184, 0
  128, 10891, 135, 0
  225, 13729, 168, 1
  266, 14934, 177, 1
  86, 5597, 190, 1
  120, 7522, 127, 0
  283, 12458, 133, 1
  125, 16801, 139, 0
  122, 3017, 112, 1
  71, 5828, 192, 1
  266, 15112, 138, 1
  202, 8480, 167, 1
  275, 16655, 129, 1
  166, 11308, 154, 0
  151, 12923, 98, 0
  150, 15230, 122, 0
  207, 5091, 163, 1
  74, 10284, 179, 0
  183, 16443, 104, 0
  132, 6333, 194, 1
  137, 9676, 152, 0
  258, 12224, 125, 1
  199, 3626, 164, 1
  194, 13795, 103, 0
  187, 14759, 153, 0
  177, 4259, 159, 1
  287, 6903, 156, 1
  195, 7676, 185, 0
  225, 7902, 122, 1
  187, 13029, 114, 0
  182, 7227, 102, 0
  103, 6215, 186, 1
  151, 2719, 116, 1
  103, 16439, 145, 0
  119, 13649, 128, 0
  85, 12795, 138, 0
  197, 2974, 180, 1
  97, 12582, 139, 0
  221, 9509, 178, 1
  206, 2728, 114, 1
  94, 6776, 155, 1
  128, 8430, 127, 0
  293, 10021, 122, 1
  176, 10113, 116, 0
  281, 16527, 193, 1
  269, 4460, 155, 1
  76, 15610, 94, 0
  255, 13063, 193, 1
  207, 3288, 192, 1
  169, 9631, 183, 0
  287, 15599, 125, 1
  75, 9497, 148, 0
  212, 17370, 156, 1
  203, 12749, 139, 1
  271, 6960, 166, 1
  157, 5414, 178, 1
  133, 16198, 114, 0
  292, 4998, 96, 1
  202, 16091, 151, 1
  79, 9387, 155, 0
  132, 6899, 149, 1
  163, 11899, 100, 0
  173, 4802, 153, 1
  280, 14602, 99, 1
  193, 5446, 175, 1
  209, 14247, 154, 1
  244, 7472, 107, 1
  126, 4763, 129, 1
  137, 15548, 100, 0
  284, 3483, 171, 1
  189, 12896, 150, 0
  183, 11738, 121, 0
  161, 11720, 145, 0
  142, 11393, 184, 0
  235, 4860, 117, 1
  218, 5138, 138, 1
  263, 8265, 108, 1
  148, 13936, 173, 0
  132, 7420, 161, 0
  175, 12182, 181, 0
  221, 10261, 152, 1
  255, 8347, 179, 1
  193, 5035, 138, 1
  65, 10984, 131, 0
  177, 15775, 103, 0
  76, 15230, 145, 0
  236, 3922, 120, 1
  140, 15124, 172, 0
  73, 6132, 182, 1
  180, 4147, 132, 1
  103, 13989, 189, 0
  203, 5289, 172, 1
  244, 14226, 113, 1
  121, 10557, 123, 0
  68, 2876, 141, 1
  220, 11496, 103, 1
  218, 7865, 183, 1
  218, 13826, 111, 1
  84, 2734, 96, 1
  122, 17522, 185, 0
  188, 13943, 190, 0
  269, 15091, 104, 1
  67, 6572, 97, 1
  89, 13335, 176, 0
  66, 16202, 132, 0
  218, 7019, 105, 1
  87, 4332, 108, 1
  270, 14618, 195, 1
  215, 11677, 163, 1
  75, 11377, 107, 0
  244, 8733, 148, 1
  122, 13114, 145, 0
  191, 17191, 99, 0
  282, 15277, 111, 1
  130, 14504, 174, 0
  88, 6169, 141, 1
  190, 11526, 190, 0
  106, 17566, 149, 0
  245, 10711, 124, 1
  201, 9326, 110, 1
  227, 4075, 94, 1
  188, 4351, 102, 1
  84, 4571, 99, 1
  265, 9970, 103, 1
  268, 6998, 153, 1
  70, 14947, 142, 0
  130, 15440, 100, 0
  71, 11909, 136, 0
  213, 17117, 134, 1
  274, 13452, 187, 1
  258, 17554, 129, 1
  227, 6226, 170, 1
  288, 3844, 145, 1
  262, 6055, 125, 1
  128, 10980, 105, 0
  67, 10440, 104, 0
  155, 14099, 184, 0
  217, 13115, 169, 1
  230, 7532, 162, 1
  199, 9487, 171, 0
  204, 10954, 105, 1
  183, 14435, 109, 0
  175, 5189, 169, 1
  274, 8375, 167, 1
  166, 7315, 134, 0
  170, 10508, 118, 0
  230, 7649, 186, 1
  181, 16735, 187, 0
  263, 17349, 183, 1
  292, 6362, 129, 1
  221, 12474, 110, 1
  243, 17453, 133, 1
  288, 5447, 114, 1
  113, 6198, 144, 1
  192, 9205, 191, 0
  185, 15390, 94, 0
  227, 16039, 138, 1
  114, 8628, 165, 0
  101, 16099, 127, 0
  201, 6550, 138, 1
  152, 15673, 120, 0
  287, 16760, 131, 1
  248, 11022, 125, 1
  288, 16996, 145, 1
  119, 14593, 113, 0
  99, 17320, 107, 0
  90, 11068, 111, 0
  290, 5817, 168, 1
  249, 16673, 112, 1
  235, 11179, 160, 1
  195, 12680, 170, 0
  146, 14832, 94, 0
  251, 15354, 151, 1
  265, 12398, 104, 1
  135, 8137, 131, 0
  241, 9725, 178, 1
  161, 7293, 98, 0
  153, 14015, 164, 0
  291, 8927, 114, 1
  73, 6316, 150, 1
  254, 9762, 123, 1
  209, 5620, 116, 1
  142, 7350, 129, 0
  174, 5392, 99, 1
  175, 17026, 123, 0
  293, 4885, 160, 1
  209, 11540, 102, 1
  153, 9348, 160, 0
  199, 5391, 97, 1
  174, 7214, 142, 0
  228, 15861, 176, 1
  123, 14669, 96, 0
  127, 16367, 185, 0
  197, 14823, 195, 0
  124, 3029, 152, 1
  199, 9729, 166, 0
  169, 10784, 196, 0
  159, 4862, 151, 1
  103, 9445, 135, 0
  215, 14896, 173, 1
  125, 10021, 114, 0
  159, 10653, 158, 0
  281, 14794, 175, 1
  133, 15029, 129, 0
  162, 12490, 190, 0
  195, 6225, 118, 1
  215, 5910, 114, 1
  187, 2848, 116, 1
  79, 7847, 154, 0
  92, 15433, 126, 0
  187, 9094, 182, 0
  194, 13555, 166, 0
  229, 4473, 100, 1
  232, 16918, 107, 1
  179, 11882, 183, 0
  220, 14790, 170, 1
  291, 5812, 180, 1
  91, 14967, 113, 0
  277, 2813, 96, 1
  220, 7963, 163, 1
  156, 7680, 133, 0
  79, 13928, 160, 0
  157, 6436, 148, 1
  254, 7092, 129, 1
  248, 15202, 155, 1
  293, 10656, 109, 1
  288, 5978, 182, 1
  188, 3326, 187, 1
  184, 7387, 184, 0
  165, 6764, 126, 1
  267, 5845, 169, 1
  176, 11645, 167, 0
  223, 4847, 137, 1
  244, 15233, 165, 1
  290, 13873, 124, 1
  224, 4059, 100, 1
  102, 7059, 147, 0
  181, 13123, 142, 0
  256, 4356, 174, 1
  156, 16595, 120, 0
  254, 4574, 186, 1
  282, 12854, 193, 1
  170, 6415, 146, 1
  255, 13077, 191, 1
  115, 5153, 147, 1
  206, 9592, 154, 1
  189, 5024, 129, 1
  204, 2859, 98, 1
  108, 3013, 115, 1
  84, 10988, 122, 0
  203, 5603, 129, 1
  234, 2836, 115, 1
  65, 14358, 161, 0
  228, 7755, 95, 0
  151, 5529, 106, 1
  250, 3558, 113, 1
  201, 17178, 169, 1
  104, 15448, 186, 0
  200, 6228, 113, 1
  293, 11515, 117, 1
  196, 6024, 107, 1
  259, 12982, 104, 1
  273, 14651, 144, 1
  215, 7665, 164, 1
  125, 8438, 100, 0
  125, 15167, 103, 0
  87, 5222, 153, 1
  73, 15772, 162, 0
  102, 9944, 103, 0
  123, 7496, 151, 0
  78, 12937, 171, 0
  165, 11790, 134, 0
  211, 16781, 102, 1
  67, 14539, 187, 0
  132, 3832, 133, 1
  111, 16118, 143, 0
  293, 14298, 192, 1
  125, 12724, 141, 0
  172, 8289, 135, 0
  292, 3625, 104, 1
  163, 15190, 164, 0
  154, 6467, 105, 1
  192, 13711, 167, 0
  111, 2900, 164, 1
  177, 14028, 193, 0
  230, 17365, 111, 1
  124, 4560, 192, 1
  232, 12440, 107, 1
  200, 15577, 147, 0
  232, 16545, 182, 1
  198, 6663, 138, 1
  76, 17360, 190, 0
  289, 4871, 116, 1
  144, 9307, 109, 0
  102, 4564, 108, 1
  274, 10791, 190, 1
  102, 7351, 129, 0
  280, 10664, 97, 0
  111, 16065, 192, 0
  247, 9805, 162, 1
  121, 8060, 190, 0
  287, 9683, 195, 1
  230, 11916, 105, 1
  214, 16781, 177, 1
  237, 2702, 140, 1
  68, 14113, 156, 0
  242, 15188, 98, 0
  201, 9090, 115, 1
  240, 15046, 132, 1
  188, 12039, 196, 0
  119, 10326, 153, 0
  68, 4146, 192, 1
  148, 12939, 95, 0
  262, 12565, 192, 1
  91, 5680, 192, 1
  284, 3540, 129, 1
  158, 16501, 102, 0
  171, 4652, 153, 1
  144, 5297, 110, 1
  189, 3456, 146, 1
  271, 7781, 152, 1
  67, 13270, 137, 0
  193, 4526, 170, 1
  96, 11911, 156, 0
  163, 7087, 96, 0
  259, 3332, 156, 1
  159, 9391, 161, 0
  89, 17408, 145, 0
  150, 16205, 126, 0
  87, 12666, 159, 0
  109, 11794, 145, 0
  190, 4450, 98, 1
  172, 4182, 111, 1
  88, 6300, 98, 1
  183, 13615, 117, 0
  143, 4820, 119, 1
  139, 4240, 122, 1
  127, 14017, 164, 0
  173, 7993, 104, 0
  156, 16183, 166, 0
  188, 8713, 97, 0
  187, 15910, 119, 0
  176, 7722, 190, 0
  200, 10561, 96, 0
  236, 7025, 159, 1
  136, 13735, 195, 0
  110, 2875, 148, 1
  187, 16003, 103, 0
  230, 17051, 126, 1
  152, 4544, 126, 1
  228, 16304, 143, 1
  196, 7027, 105, 0
  287, 9989, 131, 1
  69, 9722, 123, 0
  241, 6496, 183, 1
  81, 10397, 191, 0
  263, 15476, 178, 1
  249, 6236, 134, 1
  264, 6310, 165, 1
  294, 6870, 101, 1
  262, 7473, 126, 1
  97, 14407, 191, 0
  152, 17000, 98, 0
  112, 4487, 120, 1
  148, 10671, 179, 0
  94, 2888, 189, 1
  117, 5405, 106, 1
  227, 6340, 194, 1
  210, 12171, 113, 1
  279, 12621, 162, 1
  107, 12591, 110, 0
  133, 13364, 158, 0
  166, 9711, 124, 0
  85, 11986, 96, 0
  272, 9753, 109, 1
  252, 16370, 165, 1
  160, 17526, 179, 0
  257, 16924, 106, 1
  116, 3587, 185, 1
  273, 9439, 193, 1
